1364804580 4
1364804640 4
1364804701 4
1364804761 4
1364804820 4
1364804881 4
1364804941 5
1364805000 5
1364805061 5
1364805120 5
1364805136 5
1364805181 4
1364805206 4
1364805241 4
1364805600 4
1364805661 4
1364805721 4
1364805781 5
1364805840 5
1364805900 5
1364805961 4
1364806020 4
1364808361 2
1364808421 2
1364808481 2
1364808540 2
1364808601 2
1364808679 2
1364808721 2
1364808781 2
1364808787 2
1364808840 2
1364808859 2
1364808901 2
1364808960 2
1364809020 2
1364809081 2
1364809112 2
1364809141 2
1364809200 2
1364809261 2
1364809861 2
1364809921 2
1364809981 2
1364810040 2
1364810101 2
1364810160 2
1364810220 2
1364810281 2
1364810341 2
1364810400 2
1364810461 2
1364810520 2
1364810581 2
1364810641 2
1364810700 2
1364810761 2
1364810821 2
1364810880 2
1364810941 2
1364811000 2
1364811061 2
1364811068 2
1364811121 2
1364811180 2
1364811214 2
1364811241 2
1364811301 2
1364823780
1364823847 4
1364823901 2
1364823960 2
1364824021 2
1364824081 2
1364824141 2
1364824202 2
1364824261 2
1364824329 2
1364824382 3
1364824441 2
1364824502 2
1364824562 2
1364824622 2
1364824681 2
1364824741 2
1364824801 2
1364824860 3
1364824921 3
1364824968 3
1364824981 3
1364825040 3
1364852101
1364852160
1364852224 3
1364852280 3
1364852341 3
1364852401 3
1364852460 4
1364852521 4
1364852580 4
1364852641 4
1364852700 4
1364852761 4
1364852820 5
1364852880 5
1364852940 5
1364853001 5
1364853060 7
1364853121 11
1364853180 11
1364853240 9
1364853301 7
1364853360 5
1364853421 4
1364853481 3
1364853540 3
1364853601 4
1364853660 4
1364853721 4
1364853781 4
1364853840 4
1364853903 4
1364853961 4
1364854022 4
1364854081 4
1364854141 3
1364854202 4
1364854261 4
1364854321 5
1364854380 5
1364854719
1364854740 3
1364854806 3
1364854861 2
1364854920 4
1364854981 3
1364855041 3
1364855101 3
1364855160 3
1364855220 3
1364855282 3
1364855341 3
1364855401 4
1364855461 4
1364855521 4
1364855580 4
1364855641 3
1364855701 3
1364855760 3
1364855821 3
1364855880 3
1364855941 4
1364856001 5
1364856061 5
1364856121 5
1364856180 5
1364856241 5
1364856300 5
1364856360 3
1364856421 3
1364856480 5
1364856541 5
1364856601 5
1364856661 4
1364856720 3
1364856780 3
1364856841 3
1364856900 3
1364856960 3
1364857021 4
1364857080 5
1364857140 5
1364857201 5
1364857260 5
1364857321 5
1364857381 5
1364857440 6
1364857501 5
1364857560 6
1364857620 6
1364857680 5
1364857741 6
1364857801 5
1364857861 5
1364857920 5
1364857981 5
1364858041 5
1364858101 5
1364858160 5
1364858226 5
1364858280 5
1364858341 5
1364858400 5
1364858460 5
1364858521 5
1364858581 6
1364858641 6
1364858704 6
1364858762 9
1364858821 9
1364858882 9
1364858941 6
1364859001 5
1364859061 5
1364859122 9
1364859180 9
1364859241 8
1364859301 5
1364859361 5
1364859421 5
1364859481 6
1364859541 6
1364859601 7
1364859661 7
1364859720 6
1364859781 6
1364859841 11
1364859900 11
1364859961 10
1364860021 6
1364860081 6
1364860140 6
1364860200 6
1364860261 7
1364860321 8
1364860380 8
1364860441 7
1364860500 6
1364860560 6
1364860621 5
1364860682 5
1364860741 5
1364860801 7
1364860860 7
1364860921 8
1364860981 7
1364861041 8
1364861101 8
1364861161 9
1364861221 7
1364861281 8
1364861342 7
1364861401 7
1364861461 6
1364861522 5
1364861581 5
1364861641 5
1364861702 6
1364861761 5
1364861821 7
1364861881 7
1364861941 6
1364862002 5
1364862061 4
1364862120 4
1364862182 6
1364862242 6
1364862300 6
1364862361 5
1364862421 5
1364862481 5
1364862540 5
1364862601 5
1364862660 4
1364862720 4
1364862782 4
1364862840 4
1364862901 5
1364862960 5
1364863021 5
1364863081 5
1364863140 4
1364863201 4
1364863260 4
1364863320 4
1364863380 4
1364863441 4
1364863502 4
1364863561 6
1364863621 6
1364863680 7
1364863741 6
1364863801 6
1364863863 5
1364863921 5
1364863981 6
1364864040 7
1364864101 7
1364864160 7
1364864220 6
1364864281 6
1364864341 6
1364864402 6
1364864461 6
1364864521 6
1364864581 6
1364864641 6
1364864701 6
1364864761 6
1364866863
1364866924 5
1364866981 5
1364867040 5
1364867101 6
1364867160 6
1364867221 6
1364867280 6
1364867340 5
1364867401 5
1364867460 5
1364867522 5
1364873051
1364873101 4
1364873161 7
1364873221 7
1364873281 7
1364873341 5
1364873400 5
1364874912
1364874977 3
1364875020 3
1364875080 3
1364875141 4
1364875200 4
1364875262 6
1364875320 6
1364875380 6
1364875441 6
1364875500 5
1364875561 4
1364875621 3
1364875680 3
1364875741 4
1364875800 4
1364875861 3
1364875921 3
1364875981 3
1364876041 3
1364876100 3
1364876161 3
1364876221 3
1364876281 4
1364876341 4
1364876400 4
1364876461 8
1364876521 6
1364876580 6
1364876640 4
1364876701 2
1364876762 2
1364876822 3
1364876881 5
1364876941 5
1364877001 5
1364877062 4
1364877122 3
1364877180 4
1364877241 3
1364877481
1364918722
1364918758 5
1364918762 5
1364918772 5
1364918821 6
1364918832 6
1364918881 6
1364918940 7
1364919001 6
1364919061 5
1364929800
1364929860
1364929920
1364929980
1364930040
1364930100
1364930160
1364930221
1364930280
1364930340
1364930400
1364930460
1364930520
1364930580
1364930640
1364930700
1364930760
1364930820
1364930880
1364930940
1364931001
1364931061
1364931120
1364931181
1364931241
1364931300
1364931360
1364931421
1364931480
1364931540
1364931600
1364931661
1364931720
1364931781
1364931840
1364931900
1364931960
1364932020
1364932080
1364932142
1364932201
1364932262
1364932320
1364932381
1364932440
1364932500
1364932560
1364932620
1364932681
1364932740
1364932800
1364932860
1364932920
1364932981
1364933040
1364933101
1364933160
1364933220
1364933281
1364933341
1364933400
1364933460
1364933520 1
1364933581 1
1364933641 2
1364933701 2
1364933761 2
1364933821 2
1364933881 2
1364933941 3
1364934001 2
1364934061 1
1364934121 1
1364934181 1
1364934240 1
1364934301 1
1364934363 1
1364934420 1
1364934481 1
1364934540 1
1364934600 1
1364934661 1
1364934720 1
1364934781 1
1364934840 1
1364934901 1
1364934961 1
1364935021 2
1364949241
1364949311 1
1364949361 1
1364949423 2
1364949488 3
1364949541 2
1364949601 2
1364949660 2
1364949720 2
1364949781 2
1364949844 4
1364949902 4
1364949960 4
1364950021 4
1364950081 5
1364950141 5
1364950200 6
1364950261 6
1364950321 5
1364950381 4
1364950441 6
1364950501 3
1364950561 4
1364950622 4
1364950682 3
1364950741 4
1364950800 4
1364950861 3
1364950921 3
1364950981 3
1364951040 3
1364951102 2
1364951161 1
1364951220 2
1364951280 2
1364951340 2
1364951400 2
1364951461 3
1364951522 3
1364951581 3
1364951641 3
1364951701 3
1364951761 3
1364951820 2
1364951882 2
1364951942 2
1364952000 4
1364952060 3
1364952122 3
1364952181 2
1364952241 2
1364952301 2
1364952360 3
1364952422 2
1364952481 2
1364952540 3
1364952602 3
1364952660 3
1364952722 3
1364952782 3
1364952841 4
1364952900 4
1364952962 3
1364953021 3
1364953082 3
1364953142 3
1364953201 3
1364953261 2
1364953321 2
1364953380 2
1364953440 2
1364953501 2
1364953561 2
1364953621 2
1364953681 2
1364953741 2
1364953801 2
1364953861 2
1364953922 2
1364953981 2
1364954041 2
1364954100 2
1364954161 2
1364954221 2
1364954280 2
1364954341 2
1364954401 2
1364954461 2
1364954520 3
1364954581 3
1364954641 3
1364954702 3
1364954760 3
1364954820 3
1364954880 4
1364954941 5
1364955001 4
1364955061 3
1364955120 4
1364955181 4
1364955241 6
1364955302 4
1364955362 4
1364955422 4
1364955480 3
1364955541 3
1364955601 4
1364955662 4
1364955721 4
1364955781 4
1364955841 4
1364955901 4
1364955961 4
1364956021 4
1364956081 4
1364956141 4
1364956201 4
1364956260 4
1364956321 4
1364956382 4
1364956441 4
1364956500 5
1364956560 5
1364956622 5
1364956681 4
1364956740 5
1364956800 5
1364956860 4
1364956922 4
1364956980 4
1364957040 3
1364957101 3
1364957161 2
1364960880
1364960940
1364961001
1364961061
1364961121
1364961181
1364961241
1364961301
1364961361
1364961421
1364961481 2
1364961543 3
1364961601 3
1364961661 3
1364961721 3
1364961780 4
1364961841 4
1364961902 3
1364961960 3
1364962021 3
1364962080 3
1364962140 2
1364962201 2
1364962261 2
1364962320 2
1364962380 1
1364962441 2
1364962500 4
1364962561 2
1364962620 3
1364962680 4
1364962741 4
1364962800 3
1364962861 4
1364962921 4
1364962981 4
1364963041 3
1364963101 3
1364963160 4
1364963221 2
1364963281 2
1364963340 2
1364963400 2
1364963460 2
1364963521 2
1364963580 2
1364963641 1
1364963701 1
1364963761 1
1364963820 1
1364963881 1
1364963941 1
1364964001 1
1364964061 1
1364964121 2
1364964181 2
1364964241 2
1364964301 2
1364964361 2
1364964421 2
1364964480 1
1364964540 1
1364964601 1
1364964660 1
1364964721 1
1364964782 1
1364964842 2
1364964901 2
1364964961 2
1364965021 2
1364965081 2
1364965141 3
1364965201 2
1364965260 3
1364965320 3
1364965382 4
1364965440 3
1364965500 3
1364965560 3
1364965621 3
1364965680 3
1364965741 2
1364965800 2
1364965861 1
1364965922 2
1364965981 2
1364966041 2
1364966100 1
1364966161 2
1364966221 2
1364966282 3
1364966341 2
1364966401 2
1364966461 3
1364966521 3
1364966582 3
1364966642 3
1364966702 3
1364966761 3
1364966820 3
1364966880 2
1364966941 2
1364967001 3
1364967061 2
1364967120 2
1364967181 3
1364967241 2
1364967301 2
1364967361 1
1364967421 1
1364967481 1
1364967540 1
1364967600 1
1364967661 1
1364967721 1
1364967781 2
1364967841 2
1364967902 2
1364967961 2
1364968021 2
1364968081 2
1364968141 2
1364968201 1
1364968260 1
1364968321 1
1364968381 1
1365006604 3
1365006662 3
1365006722 3
1365006783 3
1365015565
1365015630
1365015660 3
1365015721 3
1365028982 3
1365029041 2
1365029100 2
1365029161 4
1365029221 4
1365029281 4
1365029341 3
1365029400 2
1365029460 2
1365029521 2
1365029581 2
1365029642 2
1365029702 2
1365029760 4
1365034143 2
1365034201 2
1365034261 2
1365034321 2
1365034381 2
1365034440 3
1365034501 2
1365034560 3
1365034621 3
1365034682 3
1365034740 3
1365034801 3
1365034862 3
1365034920 2
1365034982 2
1365035041 2
1365035103 2
1365035162 2
1365035225 2
1365035281 2
1365035341 2
1365035400 2
1365035462 2
1365035520 2
1365035580 2
1365035641 2
1365035701 2
1365035761 2
1365035821 2
1365035881 2
1365035940 2
1365036002 2
1365036062 2
1365036120 2
1365036181 2
1365036241 2
1365036301 2
1365036361 2
1365036420 3
1365036480 3
1365036541 2
1365036601 1
1365036661 2
1365036720 2
1365036780 2
1365036840 2
1365036902 2
1365036961 2
1365037020 2
1365037081 2
1365037141 3
1365037201 3
1365037261 3
1365037321 3
1365037380 3
1365037440 3
1365037501 6
1365037561 4
1365037621 4
1365037681 3
1365037740 4
1365037802 4
1365037861 3
1365037920 4
1365037982 4
1365038041 3
1365038101 4
1365038162 4
1365038226 4
1365038281 3
1365038341 3
1365038401 2
1365038461 2
1365038521 2
1365038581 2
1365038641 2
1365038701 2
1365038761 2
1365038821 2
1365038880 2
1365038941 2
1365039001 2
1365039061 2
1365039121 2
1365039181 2
1365039242 2
1365039301 2
1365039361 3
1365039422 3
1365039482 3
1365040329
1365040381 5
1365040441 5
1365044640
1365044701 2
1365044760 2
1365044822 2
1365044881 4
1365044943 4
1365045003 3
1365045062 3
1365045124 3
1365045182 3
1365045240 3
1365045301 3
1365045361 2
1365045422 4
1365045481 1
1365045540 1
1365045602 1
1365045662 1
1365045720 1
1365045780 1
1365045841 1
1365045901 1
1365045961 1
1365046021 1
1365046082 1
1365046140 2
1365046201 1
1365046261 1
1365046321 1
1365046381 2
1365046441 1
1365046501 1
1365046561 1
1365046620 1
1365046681 1
1365046741 1
1365046800 1
1365046863 1
1365046920 2
1365046980 1
1365047041 1
1365047101 2
1365047161 2
1365047220 2
1365047281 1
1365047340 1
1365047400 1
1365047461 1
1365056822 4
1365056881 4
1365056940 4
1365057001 4
1365057061 4
1365057121 4
1365057182 4
1365057241 4
1365057301 4
1365057361 4
1365057421 4
1365057480 4
1365057543 4
1365057600 4
1365057660 4
1365057722 4
1365057781 3
1365057842 3
1365057902 3
1365057962 3
1365058021 3
1365058082 3
1365058142 2
1365058201 2
1365058262 2
1365058330 2
1365058381 2
1365058441 2
1365058501 2
1365058565 2
1365058622 2
1365058681 2
1365058742 2
1365058802 2
1365058861 3
1365058922 2
1365058981 2
1365059042 2
1365059102 2
1365059160 2
1365059221 2
1365059286 2
1365059341 1
1365059402 1
1365059461 1
1365059521 1
1365059581 1
1365059642 1
1365059701 1
1365059761 1
1365059822 1
1365059881 1
1365059941 1
1365060002 1
1365060061 1
1365060122 1
1365060180 1
1365060241 1
1365060302 1
1365060362 1
1365060421 1
1365060481 1
1365060541 1
1365060601 1
1365060661 1
1365060721 1
1365060782 2
1365060841 3
1365060901 3
1365060961 2
1365061022 1
1365061082 1
1365061141 1
1365061201 1
1365061262 1
1365061322 1
1365061389 1
1365061445 1
1365061501 1
1365061562 1
1365061622 1
1365061685 1
1365061742 1
1365087608 4
1365087663 5
1365087721 5
1365087782 5
1365087842 5
1365087902 4
1365087962 4
1365088021 4
1365088081 4
1365100981
1365101041
1365101101
1365101161
1365101221
1365101281
1365101341
1365102360
1365102420
1365102481
1365102541
1365102601
1365102661
1365102721
1365102781
1365102841
1365104767 7
1365104821 6
1365104880 6
1365104941 6
1365105001 5
1365105060 5
1365105121 5
1365105181 4
1365105240 4
1365105301 4
1365105360 4
1365105420 4
1365105481 4
1365105540 4
1365105603 4
1365105660 4
1365105721 4
1365105780 4
1365105841 4
1365105901 4
1365105961 6
1365106021 8
1365106084 9
1365106141 8
1365106201 6
1365106262 5
1365106324 6
1365106382 7
1365106441 7
1365106500 6
1365106564 6
1365106622 4
1365106680 4
1365106741 4
1365106800 3
1365106864 4
1365106921 4
1365106984 4
1365107043 4
1365107100 4
1365107161 4
1365107220 4
1365107280 3
1365107340 4
1365107400 4
1365107461 4
1365107520 5
1365107580 6
1365107641 6
1365107701 6
1365107760 5
1365107821 5
1365107881 5
1365107940 6
1365108000 5
1365108061 4
1365108124 4
1365108186 3
1365108241 3
1365108300 4
1365108361 4
1365108421 4
1365108480 5
1365108541 4
1365108600 4
1365108661 4
1365108721 3
1365108781 4
1365108841 4
1365108900 4
1365108961 4
1365109021 4
1365109081 5
1365109140 4
1365109200 3
1365109260 3
1365109320 4
1365109381 4
1365109441 4
1365109500 4
1365109561 4
1365109622 5
1365109680 5
1365109741 5
1365109803 5
1365109866 5
1365109921 6
1365109995 5
1365110055 5
1365110106 4
1365110161 5
1365110222 4
1365110281 5
1365110341 5
1365110403 6
1365110461 6
1365110524 6
1365110584 5
1365110644 5
1365110700 4
1365110760 4
1365110820 4
1365110881 5
1365110940 5
1365111000 5
1365111061 5
1365111120 5
1365111181 5
1365111241 6
1365111300 4
1365111361 8
1365111420 6
1365111480 6
1365111541 4
1365111600 5
1365111661 4
1365111720 5
1365111780 5
1365111841 5
1365111900 5
1365111961 4
1365112021 4
1365112080 4
1365112141 3
1365112200 3
1365112261 4
1365112321 4
1365112380 4
1365112441 4
1365112501 4
1365112560 4
1365112621 4
1365112680 3
1365112741 5
1365112801 5
1365112860 5
1365112921 4
1365112981 5
1365113040 5
1365113101 5
1365113160 5
1365113220 5
1365113281 6
1365113340 6
1365113400 5
1365113461 6
1365113520 5
1365113581 3
1365113641 3
1365113700 3
1365113760 3
1365113821 3
1365113880 3
1365113941 3
1365114000 3
1365114060 3
1365114121 3
1365114181 3
1365114240 3
1365114301 4
1365114361 5
1365114420 4
1365114481 4
1365114541 5
1365114601 5
1365114661 4
1365114721 4
1365114781 4
1365114841 5
1365114901 3
1365114960 3
1365115021 3
1365115081 3
1365115141 3
1365115201 4
1365115260 4
1365115320 5
1365115382 6
1365115441 6
1365115501 6
1365115561 5
1365115620 5
1365115681 5
1365115741 5
1365115800 5
1365115861 5
1365115921 5
1365115981 6
1365116040 6
1365116101 7
1365116160 7
1365116221 6
1365116281 6
1365116341 6
1365116401 5
1365116462 5
1365116521 5
1365116581 6
1365116641 6
1365116701 6
1365116761 6
1365116821 6
1365116882 6
1365116941 7
1365117002 6
1365117063 6
1365117121 6
1365117181 6
1365117242 6
1365117302 6
1365117361 6
1365117421 6
1365117481 6
1365117543 6
1365117602 6
1365117663 6
1365117721 6
1365117787 6
1365117844 6
1365117901 6
1365117960 6
1365118021 6
1365118081 6
1365118140 6
1365118200 7
1365118260 7
1365118321 7
1365118380 6
1365118441 6
1365118501 6
1365118560 6
1365118620 5
1365118681 6
1365118740 6
1365118800 6
1365118861 6
1365118920 6
1365118980 7
1365119041 7
1365119100 8
1365119161 11
1365119221 13
1365119280 12
1365119342 10
1365119400 8
1365119461 7
1365119520 5
1365119580 5
1365119641 5
1365119700 5
1365119761 5
1365119820 5
1365119880 4
1365119941 4
1365120000 4
1365120061 4
1365120121 5
1365120180 5
1365120241 5
1365120300 5
1365120360 5
1365120421 5
1365120480 5
1365120541 5
1365120601 5
1365120660 5
1365120721 4
1365120780 5
1365120842 6
1365120901 6
1365120961 6
1365121021 5
1365121080 4
1365121141 4
1365121201 5
1365121261 5
1365121321 5
1365121382 5
1365121441 4
1365121501 4
1365121561 5
1365121621 5
1365121680 5
1365121741 5
1365121800 5
1365121863 5
1365121921 5
1365121981 5
1365122040 5
1365122101 5
1365122161 5
1365122221 4
1365122281 4
1365122340 4
1365122401 5
1365122461 4
1365122520 4
1365122581 4
1365122645 4
1365122701 4
1365122762 4
1365122821 4
1365122882 4
1365122942 4
1365123003 4
1365123063 4
1365123122 5
1365123182 5
1365123241 5
1365123302 5
1365123361 6
1365123420 6
1365123481 6
1365123541 6
1365123601 6
1365123660 6
1365123720 6
1365123781 7
1365123841 6
1365123903 5
1365123962 5
1365124022 5
1365124082 5
1365124141 4
1365124203 4
1365124261 4
1365124321 4
1365124381 4
1365124440 4
1365124503 3
1365124563 3
1365124622 3
1365124681 3
1365124741 3
1365124801 3
1365124861 3
1365124921 2
1365124981 2
1365125041 2
1365125102 2
1365125161 2
1365125221 2
1365125281 2
1365125340 2
1365125400 2
1365125461 2
1365125521 3
1365125581 3
1365125641 3
1365125709 3
1365125762 2
1365125821 2
1365125881 2
1365125941 2
1365127561 3
1365127620 2
1365127680 2
1365127741 2
1365127800 2
1365127860 2
1365127921 2
1365127980 2
1365128040 2
1365128101 2
1365128160 2
1365128221 3
1365128281 2
1365128340 3
1365128401 3
1365128462 3
1365128521 3
1365128581 3
1365128640 3
1365128701 3
1365128761 3
1365128820 2
1365128881 2
1365128940 2
1365129000 2
1365129061 2
1365129120 2
1365129181 3
1365129241 3
1365129300 3
1365129361 2
1365129420 2
1365129481 2
1365129541 2
1365129600 2
1365129661 2
1365129721 2
1365129781 2
1365129841 2
1365129900 2
1365129961 2
1365130021 2
1365130080 3
1365130141 3
1365130201 3
1365130260 2
1365130321 2
1365130380 2
1365130440 2
1365130501 2
1365130560 2
1365130621 3
1365130681 7
1365130740 11
1365130801 13
1365130860 8
1365130921 6
1365130981 5
1365131040 4
1365131100 4
1365131161 4
1365131220 4
1365131281 4
1365131341 3
1365131400 3
1365131461 3
1365131521 3
1365131580 3
1365131641 3
1365131700 3
1365131760 3
1365131821 3
1365131880 3
1365131940 3
1365132000 3
1365132061 3
1365132120 3
1365132181 4
1365132241 4
1365132301 5
1365132361 5
1365132420 5
1365132480 5
1365132540 5
1365132601 5
1365132661 5
1365132720 4
1365132781 4
1365132841 4
1365132900 4
1365132964 4
1365133021 5
1365133081 5
1365133141 5
1365133201 5
1365133261 5
1365133321 5
1365133380 6
1365133441 6
1365133502 6
1365133561 6
1365133620 6
1365133681 7
1365133741 6
1365133801 8
1365133861 8
1365133921 6
1365133981 6
1365134041 5
1365134100 5
1365134160 6
1365134221 6
1365134281 6
1365134341 5
1365134401 5
1365134460 4
1365134521 4
1365134580 4
1365134640 4
1365134701 4
1365134760 3
1365134820 3
1365134881 3
1365134940 3
1365135001 4
1365135061 4
1365135120 4
1365135181 4
1365135240 4
1365135300 4
1365135361 3
1365135421 3
1365135481 4
1365135540 4
1365135600 4
1365135661 4
1365135721 3
1365135781 3
1365135840 3
1365135901 3
1365135963 3
1365136022 3
1365136091 3
1365136141 4
1365136204 4
1365136263 4
1365136321 4
1365136381 4
1365136445 4
1365136506 3
1365136562 3
1365136622 3
1365136683 4
1365136742 4
1365136802 4
1365136864 4
1365136920 3
1365136981 3
1365137040 4
1365137100 5
1365137161 5
1365137220 5
1365137280 3
1365137341 3
1365137400 4
1365137461 4
1365137520 4
1365137580 4
1365137641 5
1365137700 5
1365137760 7
1365137821 7
1365137880 8
1365137941 9
1365138001 9
1365138060 9
1365138121 8
1365138180 8
1365138240 9
1365138301 9
1365138360 8
1365138420 8
1365138482 7
1365138540 7
1365138601 8
1365138661 9
1365138720 8
1365138781 9
1365138841 9
1365138900 10
1365138961 11
1365139020 11
1365139080 11
1365139141 10
1365139201 9
1365139260 9
1365139321 9
1365139381 9
1365139441 9
1365139500 8
1365139561 8
1365139621 8
1365139680 8
1365139741 8
1365139800 8
1365139861 9
1365139920 9
1365139981 9
1365140041 9
1365140100 9
1365140160 9
1365140221 9
1365140281 7
1365140340 8
1365140400 8
1365140461 8
1365140521 8
1365140581 8
1365140640 8
1365140700 8
1365140761 9
1365140821 9
1365140880 9
1365140941 9
1365141001 8
1365141060 7
1365141121 7
1365141180 7
1365141240 9
1365141301 8
1365141360 8
1365141420 8
1365141482 9
1365141540 9
1365141601 9
1365141660 8
1365141721 6
1365141781 5
1365141840 4
1365141901 4
1365141960 4
1365142020 4
1365142081 3
1365142140 4
1365142201 4
1365142261 3
1365142321 3
1365142381 3
1365142440 3
1365142500 3
1365142561 2
1365142620 2
1365142680 2
1365142741 2
1365142801 2
1365142861 2
1365142921 2
1365142980 2
1365143041 2
1365143101 2
1365143161 2
1365143221 3
1365143280 3
1365143340 3
1365143401 3
1365143461 2
1365143521 2
1365143580 2
1365143641 2
1365143701 2
1365143760 2
1365143821 2
1365143880 2
1365143941 2
1365144001 2
1365144060 2
1365144121 2
1365144181 2
1365144240 2
1365144300 2
1365144361 3
1365144420 3
1365144481 3
1365144541 4
1365144600 4
1365144661 3
1365144720 3
1365144780 4
1365144841 4
1365144901 4
1365144960 4
1365145020 4
1365145081 4
1365145141 4
1365145200 4
1365145260 4
1365145396
1365145456
1365145515
1365145576
1365145580 3
1365145620 3
1365145680 3
1365145741 4
1365145800 4
1365145861 4
1365145921 5
1365145981 5
1365146041 4
1365146101 4
1365146161 4
1365146221 4
1365146281 4
1365146340 4
1365146401 4
1365146460 5
1365146520 5
1365146580 6
1365146641 6
1365146700 5
1365146761 5
1365146821 4
1365146881 3
1365146941 3
1365147001 3
1365147060 3
1365147120 3
1365147181 3
1365147241 4
1365147301 4
1365147362 3
1365147421 3
1365147481 2
1365147540 2
1365147601 2
1365147661 2
1365147721 2
1365147781 2
1365147842 2
1365147902 2
1365176400
1365176460
1365176520
1365176589 2
1365176648 2
1365176702 2
1365176761 2
1365176820 2
1365185464 3
1365185475 3
1365185520 3
1365185581 3
1365185640 3
1365185701 4
1365185761 4
1365185820 4
1365185881 5
1365185940 5
1365186001 5
1365186061 5
1365186120 4
1365186181 4
1365186240 3
1365186300 4
1365186362 4
1365186421 5
1365186480 3
1365186540 5
1365186600 5
1365186661 5
1365186733 6
1365186781 6
1365186842 6
1365186901 6
1365186960 5
1365187022 6
1365187081 5
1365187141 5
1365187201 4
1365187261 4
1365187321 6
1365187380 5
1365187441 5
1365187500 4
1365187561 3
1365187621 3
1365187681 3
1365187741 3
1365187800 4
1365187861 4
1365187921 4
1365187981 4
1365188041 4
1365188104 4
1365188161 4
1365188221 4
1365188281 4
1365188341 3
1365188403 3
1365188461 3
1365188521 4
1365188581 4
1365188641 4
1365188700 3
1365188762 2
1365188822 2
1365188882 2
1365188942 2
1365189002 2
1365189062 2
1365189121 2
1365189181 2
1365189241 2
1365189301 2
1365189360 2
1365189420 2
1365189481 2
1365189541 2
1365189600 2
1365189661 2
1365189721 2
1365189780 2
1365189840 2
1365189900 2
1365189961 4
1365190021 4
1365190080 4
1365190140 4
1365190200 4
1365190261 3
1365190321 2
1365190381 3
1365190441 6
1365190501 7
1365190561 8
1365190621 4
1365190681 6
1365190741 6
1365190801 5
1365190860 3
1365190921 3
1365190980 5
1365191041 6
1365191101 6
1365191161 5
1365191224 3
1365191281 3
1365191341 3
1365191401 3
1365191461 3
1365191521 4
1365191581 3
1365191641 2
1365191701 2
1365191762 2
1365191823 2
1365191881 2
1365191941 2
1365192002 2
1365192061 2
1365192120 2
1365192181 3
1365192240 3
1365192301 5
1365192361 6
1365192422 6
1365192481 5
1365192541 3
1365192602 4
1365192661 4
1365192721 5
1365192781 5
1365192842 4
1365192902 4
1365192961 3
1365193021 2
1365193080 2
1365193141 2
1365193201 2
1365193260 2
1365193323 3
1365193382 3
1365193441 4
1365193501 4
1365193561 4
1365193621 4
1365193681 4
1365193741 5
1365193801 5
1365193861 5
1365193921 4
1365193981 3
1365194042 4
1365194102 3
1365194160 3
1365194220 2
1365194281 1
1365194340 1
1365194401 4
1365194461 5
1365194521 6
1365194584 5
1365194643 5
1365194702 4
1365194761 5
1365194820 3
1365195541 1
1365195601 1
1365195661 1
1365195721 1
1365195782 1
1365195842 1
1365195902 2
1365195961 2
1365196021 2
1365196081 2
1365196144 3
1365196202 2
1365196262 1
1365196321 1
1365196381 2
1365196441 2
1365197047
1365197057
1365197102 2
1365197160 2
1365197221 2
1365197282 3
1365197342 4
1365197401 4
1365197461 4
1365197521 3
1365197580 2
1365197641 3
1365197700 3
1365197762 3
1365197821 2
1365197880 1
1365197941 2
1365198002 2
1365198061 2
1365198121 2
1365198180 2
1365198242 2
1365198302 1
1365198364 1
1365198428 1
1365198484 1
1365198543 1
1365198603 1
1365198661 1
1365198736 2
1365198781 2
1365198840 2
1365198901 2
1365198961 1
1365199020 1
1365199081 3
1365199141 3
1365199201 2
1365199260 1
1365199322 1
1365199381 1
1365199441 1
1365199501 1
1365199561 1
1365199620 1
1365199681 1
1365199741 1
1365199801 1
1365199861 2
1365199920 3
1365199981 3
1365200041 2
1365200101 1
1365200160 1
1365200221 2
1365200280 2
1365200341 2
1365200401 3
1365200461 3
1365200521 3
1365200580 4
1365200641 3
1365200700 4
1365200760 4
1365200821 2
1365200881 4
1365200944 3
1365201005 3
1365201069 2
1365201121 2
1365201185 2
1365201241 2
1365201301 2
1365201360 2
1365201420 2
1365201481 2
1365201541 2
1365201601 2
1365201661 2
1365201721 2
1365201781 2
1365201840 3
1365201900 3
1365201960 3
1365202021 3
1365202080 2
1365202140 2
1365202200 2
1365202261 2
1365202321 2
1365202380 2
1365202441 2
1365202501 2
1365202561 2
1365202622 2
1365202682 2
1365202740 2
1365202800 2
1365202861 1
1365202921 1
1365202982 1
1365203041 1
1365203102 1
1365203160 1
1365203220 1
1365203280 2
1365203341 2
1365203401 2
1365203461 1
1365203520 2
1365203581 2
1365203640 2
1365203701 2
1365203761 2
1365203820 2
1365203881 2
1365203940 2
1365204000 3
1365204061 3
1365204121 3
1365204180 3
1365204240 1
1365204301 1
1365204361 2
1365204421 2
1365204481 3
1365204540 4
1365204601 3
1365204661 2
1365204721 2
1365204780 2
1365204841 3
1365204901 4
1365204960 2
1365205021 2
1365205081 3
1365205141 2
1365205200 3
1365205261 3
1365205320 5
1365205381 2
1365205441 3
1365205501 3
1365205560 3
1365205621 2
1365205682 4
1365205742 3
1365205800 3
1365205861 3
1365205921 3
1365205981 3
1365206041 4
1365206101 3
1365206161 3
1365206221 3
1365206280 4
1365206340 2
1365206403 2
1365206462 2
1365206528 2
1365206584 2
1365206647 2
1365206704 2
1365206764 2
1365206821 2
1365206881 3
1365206941 3
1365207003 3
1365207062 5
1365207123 3
1365207184 4
1365207240 2
1365207300 3
1365207361 2
1365207420 2
1365207483 2
1365207541 2
1365207602 1
1365207661 1
1365207722 1
1365207782 1
1365207842 4
1365207903 6
1365207963 7
1365208027 5
1365208084 3
1365208144 4
1365208213 2
1365208272 1
1365208337 2
1365208384 2
1365208444 2
1365208501 2
1365208562 3
1365208622 2
1365208683 1
1365208741 1
1365208801 1
1365208864 2
1365208922 1
1365208980 1
1365209041 1
1365209101 2
1365209162 1
1365209221 2
1365209281 1
1365209348 1
1365209402 1
1365209462 3
1365209521 3
1365209581 3
1365209641 3
1365209701 1
1365209760 1
1365209821 3
1365209881 4
1365209942 6
1365210001 4
1365210060 2
1365210122 3
1365210181 3
1365210241 5
1365210300 5
1365210360 5
1365210421 4
1365210481 1
1365210540 1
1365210601 1
1365210661 2
1365210720 2
1365210780 2
1365210840 2
1365210900 2
1365210961 2
1365211020 2
1365211081 2
1365211141 1
1365211200 1
1365211261 2
1365211320 2
1365211381 1
1365211443 3
1365211502 3
1365211561 3
1365211621 5
1365211680 3
1365211741 3
1365211800 2
1365211861 3
1365211921 1
1365211980 2
1365212041 2
1365212100 5
1365212160 4
1365212221 4
1365212280 4
1365212341 3
1365212400 4
1365212461 4
1365212521 5
1365212580 4
1365212641 1
1365212700 2
1365212760 2
1365212821 2
1365212880 1
1365212942 1
1365213001 1
1365213060 1
1365213121 2
1365213180 2
1365213241 2
1365213301 1
1365213360 1
1365213420 1
1365213481 1
1365213540 1
1365213600 1
1365213661 1
1365213721 1
1365213780 1
1365213841 1
1365213900 2
1365213961 3
1365214021 3
1365214080 4
1365214141 2
1365214200 2
1365214260 2
1365214321 2
1365214380 2
1365214441 2
1365214501 2
1365214561 2
1365214621 2
1365214680 2
1365214740 2
1365214801 2
1365214860 2
1365214921 2
1365214981 3
1365217267 6
1365217321 6
1365217380 5
1365217441 5
1365217501 6
1365217562 6
1365217621 5
1365217681 4
1365217740 4
1365217801 5
1365217861 6
1365217922 5
1365217982 5
1365218041 5
1365218104 7
1365218162 7
1365218224 7
1365218284 5
1365218342 4
1365218402 4
1365218461 5
1365218520 5
1365218581 7
1365218641 6
1365218700 6
1365218763 7
1365218826 7
1365218943 5
1365218965 5
1365219009 6
1365219065 6
1365219120 5
1365219180 5
1365219241 5
1365219301 5
1365219361 5
1365219420 4
1365219480 5
1365219541 6
1365219600 4
1365219661 7
1365219721 5
1365219780 4
1365219841 4
1365219900 4
1365219960 4
1365220021 4
1365220081 5
1365220140 5
1365220201 5
1365220261 5
1365220320 4
1365220381 4
1365220440 4
1365220501 4
1365220561 4
1365220620 4
1365220681 4
1365220740 6
1365220800 6
1365220861 6
1365220920 7
1365220980 6
1365221041 7
1365221100 6
1365221161 6
1365221221 6
1365221280 5
1365221341 6
1365221401 8
1365221460 9
1365221521 10
1365221581 9
1365221640 8
1365221701 8
1365221761 7
1365221820 7
1365221881 8
1365221940 7
1365222001 10
1365222061 10
1365222120 9
1365222181 7
1365222241 8
1365222300 8
1365222361 6
1365222421 6
1365222480 6
1365222541 6
1365222601 5
1365222661 5
1365222721 5
1365222781 5
1365222840 5
1365222900 5
1365222960 5
1365223021 6
1365223081 9
1365223141 8
1365223201 8
1365223261 5
1365223321 6
1365223380 5
1365223441 5
1365223500 5
1365223562 5
1365223622 5
1365223681 6
1365223741 4
1365223801 5
1365223861 5
1365223921 5
1365223980 5
1365224041 4
1365224101 4
1365224161 4
1365224221 5
1365224281 4
1365224340 4
1365224400 4
1365224461 4
1365224520 5
1365224581 6
1365224641 5
1365224700 4
1365224761 4
1365225016
1365225060
1365225120
1365225180 5
1365225241 5
1365225301 6
1365225360 5
1365225422 5
1365225481 5
1365225540 5
1365225602 5
1365225661 4
1365225721 5
1365225781 5
1365225841 5
1365225900 5
1365225961 5
1365226020 6
1365226081 5
1365226141 5
1365226201 5
1365226261 4
1365226320 4
1365226381 4
1365226441 4
1365226500 4
1365226561 6
1365226620 5
1365226681 5
1365226741 4
1365226801 6
1365226860 5
1365226920 6
1365226980 5
1365227041 7
1365227100 7
1365227161 7
1365227220 7
1365227280 5
1365227340 5
1365227401 4
1365227461 4
1365227522 4
1365227580 4
1365227641 4
1365227702 4
1365227761 6
1365227820 5
1365227881 5
1365227941 5
1365228000 5
1365228060 5
1365228122 5
1365228180 5
1365228241 5
1365228301 4
1365228361 4
1365228420 4
1365228480 4
1365228541 4
1365260695
1365260701
1365260764 1
1365260822 1
1365260881 1
1365267901 1
1365267960 1
1365268263 1
1365268320 1
1365268381 1
1365268441 1
1365268501 1
1365268562 1
1365268621 1
1365268680 2
1365268741 1
1365268800 1
1365268860 1
1365268921 1
1365268985 1
1365269040 1
1365269101 1
1365269161 2
1365269220 1
1365269281 1
1365269341 2
1365269400 2
1365269461 2
1365269521 2
1365269580 2
1365269640 2
1365269701 1
1365269760 1
1365269821 1
1365269881 1
1365269940 1
1365270000 1
1365270060 1
1365270120 2
1365270181 1
1365270240 1
1365270300 1
1365270361 1
1365270420 1
1365270481 1
1365270541 1
1365270600 1
1365270660 2
1365270721 1
1365270780 1
1365270841 1
1365270900 1
1365270961 1
1365271020 2
1365271081 2
1365271141 1
1365271201 1
1365271260 2
1365271321 2
1365271381 2
1365271441 2
1365271500 2
1365271562 2
1365271621 2
1365271681 2
1365271740 2
1365271801 2
1365271861 2
1365271920 2
1365271981 2
1365272040 3
1365274020 5
1365274081 5
1365274140 5
1365274201 5
1365274261 4
1365274321 5
1365274381 5
1365274441 5
1365274500 4
1365274578 4
1365274620 4
1365274681 4
1365274741 4
1365278525 7
1365278581 7
1365278640 8
1365278700 8
1365278760 8
1365278822 7
1365278881 7
1365278941 7
1365279000 7
1365279061 7
1365279120 7
1365279180 7
1365279241 7
1365279300 7
1365279361 7
1365279421 7
1365279480 7
1365279541 7
1365279600 7
1365279661 7
1365279721 7
1365279780 7
1365279841 7
1365279900 7
1365279960 6
1365280021 7
1365280080 7
1365280140 7
1365280201 7
1365280260 7
1365280321 7
1365280380 7
1365280440 7
1365280501 7
1365280560 7
1365280621 8
1365280681 7
1365280740 7
1365280801 7
1365280861 7
1365280920 6
1365280981 6
1365281040 6
1365281101 6
1365281161 7
1365281220 7
1365281280 7
1365281341 8
1365281400 8
1365281461 9
1365281520 8
1365281580 8
1365281641 8
1365281700 8
1365281760 8
1365281821 8
1365281885 7
1365281941 5
1365282000 5
1365282061 5
1365282120 4
1365282181 4
1365282241 4
1365282301 4
1365282360 4
1365282420 3
1365282480 3
1365282541 3
1365282600 3
1365282661 3
1365282721 3
1365282780 3
1365282841 3
1365282900 3
1365282960 2
1365283021 2
1365283080 2
1365283141 2
1365283201 2
1365283260 2
1365283321 2
1365283381 3
1365283441 5
1365283501 5
1365283561 5
1365283621 5
1365283680 4
1365283741 3
1365283801 4
1365283861 4
1365283921 3
1365283980 3
1365287100
1365287163 2
1365287221 4
1365287281 4
1365287341 4
1365287400 4
1365287461 2
1365287522 4
1365287581 4
1365287641 4
1365287701 4
1365287761 4
1365287821 4
1365287881 4
1365287941 4
1365288001 4
1365288061 4
1365288121 4
1365288180 4
1365288240 4
1365288301 4
1365288361 4
1365288420 4
1365288481 4
1365288540 4
1365299640
1365299700 3
1365299761 3
1365299820 4
1365299880 4
1365299942 4
1365302052 5
1365302102 4
1365302161 4
1365302221 4
1365302281 4
1365302342 4
1365302401 4
1365302461 4
1365302521 4
1365302581 4
1365302641 3
1365302701 3
1365302773 3
1365302820 3
1365302882 3
1365302941 3
1365303001 3
1365303060 3
1365303120 4
1365303181 4
1365303241 4
1365303301 4
1365303360 4
1365303422 4
1365303481 3
1365303540 3
1365303601 3
1365303661 3
1365303721 3
1365303781 3
1365303841 3
1365303901 3
1365310680
1365310754 4
1365310800 5
1365310861 4
1365310922 4
1365310983 3
1365311041 3
1365311101 4
1365311161 6
1365311221 4
1365311280 4
1365311341 4
1365311400 4
1365311461 3
1365311521 3
1365311582 3
1365311643 3
1365311701 3
1365311761 3
1365311821 3
1365311880 3
1365311940 3
1365312001 3
1365312061 3
1365312121 3
1365312181 3
1365312241 3
1365312301 3
1365312361 3
1365312421 3
1365312481 3
1365312541 3
1365312600 3
1365312661 3
1365312721 3
1365312780 3
1365312841 4
1365312901 4
1365312961 4
1365313020 4
1365313081 4
1365313140 4
1365313201 3
1365313261 3
1365313320 3
1365313381 3
1365313440 4
1365313500 4
1365313561 4
1365313620 3
1365313681 4
1365313741 4
1365313800 4
1365313861 4
1365313920 4
1365313980 4
1365314041 4
1365314100 4
1365314161 4
1365314220 4
1365314280 4
1365314341 4
1365314400 3
1365314462 4
1365314521 4
1365314581 5
1365314640 5
1365314707 5
1365314761 4
1365314820 4
1365314880 4
1365314941 4
1365315001 4
1365315061 5
1365315120 4
1365315181 4
1365315241 4
1365315300 4
1365315361 4
1365315420 4
1365315480 4
1365315541 4
1365315600 6
1365315661 5
1365315720 4
1365315780 4
1365315841 3
1365315900 3
1365315961 4
1365316021 4
1365316080 4
1365316141 4
1365316200 4
1365316260 4
1365316321 4
1365316380 4
1365316441 4
1365316501 4
1365316560 4
1365316621 4
1365316680 4
1365316741 4
1365316801 4
1365316860 4
1365316921 4
1365316980 3
1365317041 3
1365317101 3
1365317161 3
1365317221 3
1365317280 4
1365317340 3
1365317401 4
1365317461 3
1365317521 4
1365317580 4
1365317641 4
1365317701 4
1365317760 4
1365317821 4
1365317881 3
1365317941 5
1365318001 5
1365318060 6
1365318120 7
1365318181 6
1365318240 4
1365318301 4
1365318361 4
1365318422 4
1365318481 3
1365318541 3
1365318601 3
1365318662 4
1365318720 3
1365318781 4
1365318841 4
1365318900 6
1365318962 6
1365319021 6
1365319081 5
1365319141 5
1365319201 5
1365319261 5
1365319320 3
1365319381 3
1365319441 3
1365319501 3
1365319561 3
1365319621 3
1365319681 4
1365319741 3
1365319801 3
1365319861 3
1365319921 3
1365319981 3
1365320040 3
1365320101 3
1365320161 3
1365320221 3
1365320281 3
1365320341 3
1365320402 3
1365320461 3
1365320521 2
1365353222 5
1365353281 5
1365353341 5
1365353401 6
1365353461 6
1365353521 5
1365353581 4
1365353640 4
1365353701 4
1365353761 4
1365353820 5
1365353881 5
1365353941 5
1365354001 4
1365360304 7
1365360361 6
1365360421 6
1365360480 6
1365360540 6
1365360601 7
1365360660 6
1365360721 6
1365360780 6
1365360840 6
1365360901 5
1365360960 5
1365361021 5
1365361080 5
1365361141 5
1365361201 5
1365361260 7
1365361321 5
1365361381 6
1365361441 6
1365361501 5
1365361561 5
1365361621 5
1365361681 6
1365361741 6
1365361801 5
1365361862 6
1365361920 5
1365361981 5
1365362040 5
1365362101 5
1365362161 4
1365362220 4
1365362281 4
1365362341 4
1365362401 4
1365362461 4
1365362521 3
1365362580 3
1365362641 4
1365362702 4
1365362761 3
1365362821 3
1365362880 3
1365362941 3
1365363001 5
1365363061 5
1365363121 5
1365363181 5
1365363241 3
1365363301 4
1365363361 4
1365363421 4
1365363481 4
1365363542 5
1365363601 5
1365363662 5
1365363722 6
1365363782 6
1365363841 6
1365363901 5
1365363961 4
1365364021 4
1365364081 4
1365364140 3
1365364200 3
1365364262 3
1365364322 3
1365364381 3
1365364441 3
1365364501 3
1365364560 4
1365364621 5
1365364681 7
1365364741 6
1365364802 5
1365364862 6
1365364922 6
1365364982 4
1365365041 4
1365365102 4
1365365161 4
1365365222 4
1365365281 5
1365365341 4
1365365401 4
1365365461 4
1365365520 5
1365365583 5
1365365648 5
1365365702 4
1365365767 4
1365365822 4
1365365881 4
1365365942 4
1365366001 4
1365366062 4
1365366121 4
1365366182 4
1365366241 4
1365366301 3
1365366362 4
1365366421 4
1365366482 4
1365366540 4
1365366601 5
1365366660 5
1365366721 6
1365366781 4
1365366840 4
1365366901 4
1365366960 4
1365367021 4
1365367082 4
1365367140 4
1365367202 5
1365367261 4
1365367321 4
1365367382 6
1365367442 6
1365367501 5
1365367561 5
1365367621 4
1365367681 4
1365367741 4
1365367801 4
1365367860 5
1365367923 4
1365367983 4
1365368041 4
1365368100 4
1365368160 4
1365368221 5
1365368281 4
1365368341 4
1365368400 4
1365368461 4
1365368522 4
1365368580 4
1365368640 5
1365368701 5
1365368762 6
1365368820 6
1365368881 7
1365368941 6
1365369001 6
1365369060 5
1365369120 3
1365369180 3
1365369241 4
1365369301 5
1365369362 5
1365369423 5
1365369481 4
1365369541 4
1365369602 4
1365369661 3
1365369721 3
1365369781 3
1365369841 3
1365369901 3
1365369961 3
1365370021 3
1365370081 3
1365370142 3
1365370201 4
1365370262 5
1365370321 5
1365370380 5
1365370449 7
1365370501 5
1365370560 4
1365370621 4
1365370681 5
1365370741 4
1365370801 4
1365370861 3
1365370921 3
1365370981 4
1365371041 3
1365371100 5
1365371162 4
1365371221 3
1365371280 3
1365371341 3
1365371401 5
1365371461 4
1365371526 4
1365371582 4
1365371642 3
1365371701 3
1365371762 3
1365371822 3
1365371881 3
1365371941 3
1365372000 3
1365372061 4
1365372120 4
1365372180 4
1365372241 5
1365373553
1365373560
1365373628
1365373680
1365373741
1365373800
1365373860
1365373920
1365373980
1365374041
1365374100
1365374160
1365374281
1365374296
1365374340
1365374402 4
1365374460 5
1365374521 5
1365374580 7
1365374641 6
1365374700 7
1365374761 7
1365374821 7
1365374880 7
1365374941 7
1365375001 6
1365375061 5
1365375120 5
1365375181 4
1365375240 4
1365375302 5
1365375360 6
1365375422 5
1365375481 4
1365375542 4
1365375602 8
1365375661 7
1365375722 7
1365375780 5
1365375841 5
1365375900 5
1365375967 5
1365376021 5
1365376082 5
1365376141 6
1365376201 6
1365376261 6
1365376321 5
1365376381 6
1365376442 6
1365376501 5
1365376561 5
1365376620 7
1365376682 5
1365376744 7
1365376802 6
1365376860 5
1365376922 6
1365376981 5
1365377042 5
1365377103 4
1365377161 4
1365377221 3
1365377283 3
1365377341 3
1365377400 3
1365377460 4
1365377521 5
1365377580 5
1365377641 5
1365377701 5
1365377761 6
1365377822 5
1365377885 4
1365377943 3
1365378002 5
1365378062 3
1365378122 3
1365378181 3
1365378241 3
1365378301 3
1365378362 3
1365378421 3
1365378481 3
1365378541 3
1365378600 3
1365378660 4
1365378724 3
1365378781 3
1365378842 4
1365378903 3
1365378962 3
1365379020 3
1365379081 3
1365379141 3
1365379200 3
1365379260 3
1365379321 3
1365379380 3
1365379441 3
1365379501 3
1365379561 3
1365379621 4
1365379681 5
1365379741 5
1365379800 5
1365379861 5
1365379921 5
1365379981 4
1365380040 3
1365380101 3
1365380160 3
1365380220 4
1365380281 4
1365380341 4
1365380402 3
1365380461 3
1365380521 3
1365380581 3
1365380642 3
1365380702 3
1365380761 3
1365380821 3
1365380882 3
1365380941 3
1365381003 3
1365381062 3
1365381123 3
1365381181 2
1365381242 2
1365381302 2
1365381361 2
1365381421 2
1365381482 2
1365381542 2
1365381602 2
1365381662 3
1365381722 3
1365381782 3
1365381840 3
1365381901 3
1365381961 2
1365382020 2
1365382081 2
1365382141 2
1365382200 2
1365382260 2
1365382321 2
1365382381 2
1365382441 2
1365382501 2
1365382562 2
1365382622 2
1365382682 2
1365382741 2
1365382801 2
1365382862 3
1365382921 3
1365382985 3
1365383042 3
1365383101 3
1365383161 3
1365383221 3
1365383281 2
1365383341 2
1365383401 2
1365383461 2
1365383523 2
1365383581 2
1365383641 2
1365383701 2
1365383762 2
1365383825 2
1365383882 2
1365383945 2
1365384004 2
1365384061 2
1365384121 2
1365384182 2
1365384242 2
1365384301 3
1365384362 3
1365384422 3
1365384481 4
1365384541 4
1365384601 4
1365384661 4
1365384722 2
1365384781 2
1365384841 2
1365384902 2
1365384962 2
1365385021 2
1365385081 2
1365385144 2
1365385204 2
1365385261 2
1365385320 2
1365385380 3
1365385441 3
1365385500 2
1365385560 2
1365385621 2
1365385680 2
1365385740 2
1365385801 2
1365385860 2
1365385921 2
1365385981 3
1365386040 3
1365386101 3
1365386169 3
1365386222 3
1365386284 3
1365386343 3
1365386402 3
1365386461 3
1365386522 5
1365386580 5
1365386642 5
1365386701 5
1365386761 5
1365386821 7
1365386882 5
1365386941 5
1365387001 3
1365387063 3
1365387120 5
1365387181 5
1365387243 6
1365387302 4
1365387363 4
1365387424 4
1365387481 4
1365387542 4
1365387602 4
1365387661 4
1365387721 4
1365387781 6
1365387844 6
1365387901 6
1365387961 4
1365388022 4
1365388082 4
1365388142 6
1365388202 6
1365388261 5
1365388321 5
1365388382 6
1365388441 6
1365388501 5
1365388561 6
1365388621 7
1365388681 7
1365388740 7
1365388801 7
1365388861 7
1365388922 7
1365388980 7
1365389041 7
1365389102 7
1365389161 6
1365389221 6
1365389281 6
1365389341 6
1365389402 5
1365389462 5
1365389521 4
1365389582 4
1365389642 5
1365389702 5
1365389762 5
1365389821 4
1365389881 5
1365389941 6
1365390001 7
1365390063 9
1365390122 9
1365390182 9
1365390241 10
1365390301 10
1365390362 10
1365390421 11
1365390485 11
1365390541 12
1365390600 12
1365390661 11
1365390722 11
1365390782 11
1365390842 10
1365390901 10
1365390960 10
1365391020 10
1365391081 10
1365391141 10
1365391202 10
1365391261 10
1365391320 10
1365391381 10
1365391441 10
1365391501 10
1365391561 11
1365391621 11
1365391681 11
1365391741 11
1365391800 12
1365391860 12
1365391921 12
1365391980 12
1365392041 11
1365392101 12
1365392160 12
1365392221 12
1365392281 11
1365392343 11
1365392401 11
1365392460 11
1365392521 11
1365392580 11
1365392641 11
1365392701 11
1365392761 11
1365392821 10
1365392882 10
1365392942 10
1365393002 10
1365393063 10
1365393121 10
1365393181 10
1365393240 11
1365393302 11
1365393361 11
1365393422 11
1365393482 12
1365393541 13
1365393605 13
1365393662 13
1365393721 12
1365393782 14
1365393842 23
1365393901 24
1365393962 24
1365394021 18
1365394081 13
1365394141 12
1365394200 12
1365394260 12
1365394321 12
1365394381 12
1365394441 12
1365394502 12
1365394565 12
1365394622 12
1365394682 12
1365394742 12
1365394801 12
1365394861 12
1365394922 12
1365394981 12
1365395042 13
1365395103 12
1365395161 12
1365395222 11
1365395282 12
1365395342 12
1365395402 11
1365395461 11
1365395520 11
1365395580 10
1365395642 11
1365395704 11
1365395763 11
1365395822 12
1365395881 14
1365395941 10
1365396001 12
1365396061 12
1365396121 11
1365396181 11
1365396240 11
1365396301 11
1365396361 10
1365396752
1365396781 11
1365396841 11
1365396900 11
1365396960 11
1365397021 11
1365397080 11
1365397141 11
1365397201 10
1365397260 7
1365397321 5
1365397380 7
1365397441 6
1365397501 5
1365397561 6
1365397620 6
1365399000
1365399069 7
1365399120 8
1365399181 7
1365399241 6
1365399300 6
1365399361 7
1365399420 8
1365399480 10
1365399541 7
1365399600 6
1365399661 7
1365399721 8
1365399780 5
1365399841 5
1365399901 5
1365399960 5
1365400021 6
1365400081 5
1365400140 4
1365400201 4
1365400260 4
1365400320 6
1365400381 7
1365400442 7
1365400506 7
1365400562 9
1365400621 9
1365400680 10
1365400741 10
1365400801 8
1365400861 8
1365400922 6
1365400982 6
1365401042 5
1365401100 5
1365401161 4
1365401221 5
1365401281 4
1365401340 4
1365401401 4
1365401461 5
1365401520 5
1365401581 4
1365401641 5
1365401700 5
1365401761 5
1365401820
1365401881 6
1365401940 5
1365402001 4
1365402061 4
1365402120 4
1365402181 3
1365402240 3
1365402300 3
1365402360 3
1365402421 3
1365402481 3
1365402540 3
1365402601 3
1365402660 3
1365402721 4
1365402781 5
1365402841 4
1365402900 4
1365402961 3
1365403020 3
1365403081 3
1365403140 3
1365403201 3
1365403261 2
1365403321 2
1365403380 2
1365403441 3
1365403500 4
1365403561 4
1365403620 7
1365403681 7
1365403741 7
1365403800 6
1365403860 6
1365403921 6
1365403980 6
1365404041 6
1365404101 6
1365404160 5
1365404221 5
