1365317821 4
1365317881 3
1365317941 5
1365318001 5
1365318060 6
1365318120 7
1365318181 6
1365318240 4
1365318301 4
1365318361 4
1365318422 4
1365318481 3
1365318541 3
1365318601 3
1365318662 4
1365318720 3
1365318781 4
1365318841 4
1365318900 6
1365318962 6
1365319021 6
1365319081 5
1365319141 5
1365319201 5
1365319261 5
1365319320 3
1365319381 3
1365319441 3
1365319501 3
1365319561 3
1365319621 3
1365319681 4
1365319741 3
1365319801 3
1365319861 3
1365319921 3
1365319981 3
1365320040 3
1365320101 3
1365320161 3
1365320221 3
1365320281 3
1365320341 3
1365320402 3
1365320461 3
1365320521 2
1365353222 5
1365353281 5
1365353341 5
1365353401 6
1365353461 6
1365353521 5
1365353581 4
1365353640 4
1365353701 4
1365353761 4
1365353820 5
1365353881 5
1365353941 5
1365354001 4
1365360304 7
1365360361 6
1365360421 6
1365360480 6
1365360540 6
1365360601 7
1365360660 6
1365360721 6
1365360780 6
1365360840 6
1365360901 5
1365360960 5
1365361021 5
1365361080 5
1365361141 5
1365361201 5
1365361260 7
1365361321 5
1365361381 6
1365361441 6
1365361501 5
1365361561 5
1365361621 5
1365361681 6
1365361741 6
1365361801 5
1365361862 6
1365361920 5
1365361981 5
1365362040 5
1365362101 5
1365362161 4
1365362220 4
1365362281 4
1365362341 4
1365362401 4
1365362461 4
1365362521 3
1365362580 3
1365362641 4
1365362702 4
1365362761 3
1365362821 3
1365362880 3
1365362941 3
1365363001 5
1365363061 5
1365363121 5
1365363181 5
1365363241 3
1365363301 4
1365363361 4
1365363421 4
1365363481 4
1365363542 5
1365363601 5
1365363662 5
1365363722 6
1365363782 6
1365363841 6
1365363901 5
1365363961 4
1365364021 4
1365364081 4
1365364140 3
1365364200 3
1365364262 3
1365364322 3
1365364381 3
1365364441 3
1365364501 3
1365364560 4
1365364621 5
1365364681 7
1365364741 6
1365364802 5
1365364862 6
1365364922 6
1365364982 4
1365365041 4
1365365102 4
1365365161 4
1365365222 4
1365365281 5
1365365341 4
1365365401 4
1365365461 4
1365365520 5
1365365583 5
1365365648 5
1365365702 4
1365365767 4
1365365822 4
1365365881 4
1365365942 4
1365366001 4
1365366062 4
1365366121 4
1365366182 4
1365366241 4
1365366301 3
1365366362 4
1365366421 4
1365366482 4
1365366540 4
1365366601 5
1365366660 5
1365366721 6
1365366781 4
1365366840 4
1365366901 4
1365366960 4
1365367021 4
1365367082 4
1365367140 4
1365367202 5
1365367261 4
1365367321 4
1365367382 6
1365367442 6
1365367501 5
1365367561 5
1365367621 4
1365367681 4
1365367741 4
1365367801 4
1365367860 5
1365367923 4
1365367983 4
1365368041 4
1365368100 4
1365368160 4
1365368221 5
1365368281 4
1365368341 4
1365368400 4
1365368461 4
1365368522 4
1365368580 4
1365368640 5
1365368701 5
1365368762 6
1365368820 6
1365368881 7
1365368941 6
1365369001 6
1365369060 5
1365369120 3
1365369180 3
1365369241 4
1365369301 5
1365369362 5
1365369423 5
1365369481 4
1365369541 4
1365369602 4
1365369661 3
1365369721 3
1365369781 3
1365369841 3
1365369901 3
1365369961 3
1365370021 3
1365370081 3
1365370142 3
1365370201 4
1365370262 5
1365370321 5
1365370380 5
1365370449 7
1365370501 5
1365370560 4
1365370621 4
1365370681 5
1365370741 4
1365370801 4
1365370861 3
1365370921 3
1365370981 4
1365371041 3
1365371100 5
1365371162 4
1365371221 3
1365371280 3
1365371341 3
1365371401 5
1365371461 4
1365371526 4
1365371582 4
1365371642 3
1365371701 3
1365371762 3
1365371822 3
1365371881 3
1365371941 3
1365372000 3
1365372061 4
1365372120 4
1365372180 4
1365372241 5
1365373553 
1365373560 
1365373628 
1365373680 
1365373741 
1365373800 
1365373860 
1365373920 
1365373980 
1365374041 
1365374100 
1365374160 
1365374281 
1365374296 
1365374340 
1365374402 4
1365374460 5
1365374521 5
1365374580 7
1365374641 6
1365374700 7
1365374761 7
1365374821 7
1365374880 7
1365374941 7
1365375001 6
1365375061 5
1365375120 5
1365375181 4
1365375240 4
1365375302 5
1365375360 6
1365375422 5
1365375481 4
1365375542 4
1365375602 8
1365375661 7
1365375722 7
1365375780 5
1365375841 5
1365375900 5
1365375967 5
1365376021 5
1365376082 5
1365376141 6
1365376201 6
1365376261 6
1365376321 5
1365376381 6
1365376442 6
1365376501 5
1365376561 5
1365376620 7
1365376682 5
1365376744 7
1365376802 6
1365376860 5
1365376922 6
1365376981 5
1365377042 5
1365377103 4
1365377161 4
1365377221 3
1365377283 3
1365377341 3
1365377400 3
1365377460 4
1365377521 5
1365377580 5
1365377641 5
1365377701 5
1365377761 6
1365377822 5
1365377885 4
1365377943 3
1365378002 5
1365378062 3
1365378122 3
1365378181 3
1365378241 3
1365378301 3
1365378362 3
1365378421 3
1365378481 3
1365378541 3
1365378600 3
1365378660 4
1365378724 3
1365378781 3
1365378842 4
1365378903 3
1365378962 3
1365379020 3
1365379081 3
1365379141 3
1365379200 3
1365379260 3
1365379321 3
1365379380 3
1365379441 3
1365379501 3
1365379561 3
1365379621 4
1365379681 5
1365379741 5
1365379800 5
1365379861 5
1365379921 5
1365379981 4
1365380040 3
1365380101 3
1365380160 3
1365380220 4
1365380281 4
1365380341 4
1365380402 3
1365380461 3
1365380521 3
1365380581 3
1365380642 3
1365380702 3
1365380761 3
1365380821 3
1365380882 3
1365380941 3
1365381003 3
1365381062 3
1365381123 3
1365381181 2
1365381242 2
1365381302 2
1365381361 2
1365381421 2
1365381482 2
1365381542 2
1365381602 2
1365381662 3
1365381722 3
1365381782 3
1365381840 3
1365381901 3
1365381961 2
1365382020 2
1365382081 2
1365382141 2
1365382200 2
1365382260 2
1365382321 2
1365382381 2
1365382441 2
1365382501 2
1365382562 2
1365382622 2
1365382682 2
1365382741 2
1365382801 2
1365382862 3
1365382921 3
1365382985 3
1365383042 3
1365383101 3
1365383161 3
1365383221 3
1365383281 2
1365383341 2
1365383401 2
1365383461 2
1365383523 2
1365383581 2
1365383641 2
1365383701 2
1365383762 2
1365383825 2
1365383882 2
1365383945 2
1365384004 2
1365384061 2
1365384121 2
1365384182 2
1365384242 2
1365384301 3
1365384362 3
1365384422 3
1365384481 4
1365384541 4
1365384601 4
1365384661 4
1365384722 2
1365384781 2
1365384841 2
1365384902 2
1365384962 2
1365385021 2
1365385081 2
1365385144 2
1365385204 2
1365385261 2
1365385320 2
1365385380 3
1365385441 3
1365385500 2
1365385560 2
1365385621 2
1365385680 2
1365385740 2
1365385801 2
1365385860 2
1365385921 2
1365385981 3
1365386040 3
1365386101 3
1365386169 3
1365386222 3
1365386284 3
1365386343 3
1365386402 3
1365386461 3
1365386522 5
1365386580 5
1365386642 5
1365386701 5
1365386761 5
1365386821 7
1365386882 5
1365386941 5
1365387001 3
1365387063 3
1365387120 5
1365387181 5
1365387243 6
1365387302 4
1365387363 4
1365387424 4
1365387481 4
1365387542 4
1365387602 4
1365387661 4
1365387721 4
1365387781 6
1365387844 6
1365387901 6
1365387961 4
1365388022 4
1365388082 4
1365388142 6
1365388202 6
1365388261 5
1365388321 5
1365388382 6
1365388441 6
1365388501 5
1365388561 6
1365388621 7
1365388681 7
1365388740 7
1365388801 7
1365388861 7
1365388922 7
1365388980 7
1365389041 7
1365389102 7
1365389161 6
1365389221 6
1365389281 6
1365389341 6
1365389402 5
1365389462 5
1365389521 4
1365389582 4
1365389642 5
1365389702 5
1365389762 5
1365389821 4
1365389881 5
1365389941 6
1365390001 7
1365390063 9
1365390122 9
1365390182 9
1365390241 10
1365390301 10
1365390362 10
1365390421 11
1365390485 11
1365390541 12
1365390600 12
1365390661 11
1365390722 11
1365390782 11
1365390842 10
1365390901 10
1365390960 10
1365391020 10
1365391081 10
1365391141 10
1365391202 10
1365391261 10
1365391320 10
1365391381 10
1365391441 10
1365391501 10
1365391561 11
1365391621 11
1365391681 11
1365391741 11
1365391800 12
1365391860 12
1365391921 12
1365391980 12
1365392041 11
1365392101 12
1365392160 12
1365392221 12
1365392281 11
1365392343 11
1365392401 11
1365392460 11
1365392521 11
1365392580 11
1365392641 11
1365392701 11
1365392761 11
1365392821 10
1365392882 10
1365392942 10
1365393002 10
1365393063 10
1365393121 10
1365393181 10
1365393240 11
1365393302 11
1365393361 11
1365393422 11
1365393482 12
1365393541 13
1365393605 13
1365393662 13
1365393721 12
1365393782 14
1365393842 23
1365393901 24
1365393962 24
1365394021 18
1365394081 13
1365394141 12
1365394200 12
1365394260 12
1365394321 12
1365394381 12
1365394441 12
1365394502 12
1365394565 12
1365394622 12
1365394682 12
1365394742 12
1365394801 12
1365394861 12
1365394922 12
1365394981 12
1365395042 13
1365395103 12
1365395161 12
1365395222 11
1365395282 12
1365395342 12
1365395402 11
1365395461 11
1365395520 11
1365395580 10
1365395642 11
1365395704 11
1365395763 11
1365395822 12
1365395881 14
1365395941 10
1365396001 12
1365396061 12
1365396121 11
1365396181 11
1365396240 11
1365396301 11
1365396361 10
1365396752 
1365396781 11
1365396841 11
1365396900 11
1365396960 11
1365397021 11
1365397080 11
1365397141 11
1365397201 10
1365397260 7
1365397321 5
1365397380 7
1365397441 6
1365397501 5
1365397561 6
1365397620 6
1365399000 
1365399069 7
1365399120 8
1365399181 7
1365399241 6
1365399300 6
1365399361 7
1365399420 8
1365399480 10
1365399541 7
1365399600 6
1365399661 7
1365399721 8
1365399780 5
1365399841 5
1365399901 5
1365399960 5
1365400021 6
1365400081 5
1365400140 4
1365400201 4
1365400260 4
1365400320 6
1365400381 7
1365400442 7
1365400506 7
1365400562 9
1365400621 9
1365400680 10
1365400741 10
1365400801 8
1365400861 8
1365400922 6
1365400982 6
1365401042 5
1365401100 5
1365401161 4
1365401221 5
1365401281 4
1365401340 4
1365401401 4
1365401461 5
1365401520 5
1365401581 4
1365401641 5
1365401700 5
1365401761 5
1365401820 
1365401881 6
1365401940 5
1365402001 4
1365402061 4
1365402120 4
1365402181 3
1365402240 3
1365402300 3
1365402360 3
1365402421 3
1365402481 3
1365402540 3
1365402601 3
1365402660 3
1365402721 4
1365402781 5
1365402841 4
1365402900 4
1365402961 3
1365403020 3
1365403081 3
1365403140 3
1365403201 3
1365403261 2
1365403321 2
1365403380 2
1365403441 3
1365403500 4
1365403561 4
1365403620 7
1365403681 7
1365403741 7
1365403800 6
1365403860 6
1365403921 6
1365403980 6
1365404041 6
1365404101 6
1365404160 5
1365404221 5
